,ebitda_to_ev,roe,cfo_roa,accruals,capex_to_assets,illiquidity,log_market_cap
ebitda_to_ev,1.0,0.1266422454601367,0.07855260779194762,-0.05479290028213376,-0.14281945857553333,0.0339124149690246,0.01461539455281954
roe,0.1266422454601367,1.0,0.27618833949494,-0.2824140970679413,-0.03971220725537571,0.016063653886348086,-0.0019263264964799452
cfo_roa,0.07855260779194762,0.27618833949494,1.0,0.41133099293408854,-0.30299525367212604,0.03776785333224422,-0.002875384291567606
accruals,-0.05479290028213376,-0.2824140970679413,0.41133099293408854,1.0,-0.2587376646302632,0.01483893863753367,-0.00028655394009027927
capex_to_assets,-0.14281945857553333,-0.03971220725537571,-0.30299525367212604,-0.2587376646302632,1.0,-0.020259664278546776,-0.003190996872254729
illiquidity,0.0339124149690246,0.016063653886348086,0.03776785333224422,0.01483893863753367,-0.020259664278546776,1.0,0.03290719610797044
log_market_cap,0.01461539455281954,-0.0019263264964799452,-0.002875384291567606,-0.00028655394009027927,-0.003190996872254729,0.03290719610797044,1.0
